4.84 1.09
-0.58 0.31
10.14 2.68
5.89 -0.07
5.68 -0.21
3.21 0.32
6.13 0.89
0.74 0.42
-1.11 1.01
1.43 -2.94
8.46 1.10
5.05 0.87
5.60 1.70
-4.44 1.70
3.86 1.35
5.37 0.98
8.58 -0.30
4.89 0.24
8.09 1.54
2.51 0.73
2.67 2.60
1.59 2.01
2.31 -0.71
6.10 4.15
9.35 2.23
3.04 0.73
3.63 -1.43
8.60 1.59
2.56 -0.02
11.23 1.74
2.07 1.38
1.16 2.37
1.61 0.81
4.49 -0.92
2.64 0.57
4.99 -0.17
1.07 0.46
3.02 -0.03
6.95 2.96
7.35 1.30
-4.30 -2.79
1.80 -0.75
3.26 3.96
13.92 3.55
4.40 2.50
0.69 1.74
10.51 2.68
6.84 2.68
-1.78 -0.80
9.65 -0.30
0.09 2.48
0.37 1.99
4.61 2.65
11.73 0.06
2.57 0.56
2.59 1.97
3.22 0.81
10.37 1.16
5.62 -0.43
1.92 -3.00
-2.79 -2.03
0.06 -1.54
6.23 -0.38
5.43 0.42
5.53 -0.43
7.69 -1.11
2.49 2.93
9.73 1.28
2.48 -2.13
2.75 -0.17
5.49 2.97
3.01 1.67
4.14 2.81
2.49 0.10
1.52 0.82
7.35 -2.80
0.88 1.96
11.97 1.68
6.42 2.46
7.80 0.15
4.50 3.06
6.05 2.06
3.67 0.51
9.94 -0.25
5.12 2.97
2.31 0.63
9.88 1.15
4.90 0.64
3.81 -1.25
7.09 1.18
6.12 1.82
3.01 0.36
5.81 1.07
7.67 0.56
7.73 0.13
7.01 0.24
1.04 0.39
-2.38 2.04
1.22 -0.99
0.88 -0.07
1.45 2.59
4.97 -0.04
5.10 0.26
-1.78 2.41
7.07 2.33
0.59 1.38
8.71 0.95
-0.55 1.83
-0.16 0.72
6.91 1.73
10.22 -0.68
9.96 0.88
5.69 1.74
4.50 2.24
0.69 -0.58
2.75 0.90
5.41 1.80
2.24 0.96
4.18 -2.01
3.51 -0.98
9.82 0.66
-1.66 0.56
4.80 0.99
5.79 -0.64
10.96 0.80
3.19 -0.42
6.56 2.16
0.91 1.31
7.72 1.36
11.21 2.13
6.19 0.54
7.04 -0.92
4.02 0.41
4.04 0.04
-0.21 1.37
1.78 3.39
14.36 2.54
1.77 4.26
0.22 1.14
0.82 -0.52
1.33 2.44
2.79 -0.04
2.89 2.25
1.74 0.39
5.24 0.45
5.30 0.18
1.26 0.25
8.07 3.50
9.20 1.59
11.32 -0.74
0.67 -0.96
4.65 3.08
5.16 -1.35
6.67 0.86
10.32 2.07
3.58 0.43
6.69 2.94
8.44 0.82
5.97 1.27
4.74 -1.81
-0.10 2.29
10.54 2.03
1.71 -1.50
-3.20 0.28
3.43 0.41
-1.26 -2.89
7.44 -0.50
2.24 1.05
0.94 -0.29
8.10 1.32
10.72 0.20
3.84 -0.82
-2.79 -1.81
1.18 1.25
1.23 -0.73
-0.49 -1.43
7.68 0.69
7.07 1.78
8.24 0.40
0.84 -0.04
5.20 0.97
6.44 3.16
4.54 0.92
4.91 0.79
4.14 2.77
9.33 0.21
5.52 3.05
4.01 0.68
11.43 0.47
12.68 -0.24
2.62 3.09
7.09 2.07
9.79 2.36
4.43 0.38
7.25 1.65
2.55 0.46
1.64 2.71
6.63 1.29
5.18 -1.13
3.56 1.08
-3.92 -1.07
6.20 0.80
6.89 2.13
5.16 -0.70
-1.70 2.70
0.59 -0.41
4.37 1.84
1.62 -0.55
1.96 0.86
6.90 0.04
3.89 1.61
9.63 3.80
5.34 2.60
7.54 4.62
3.08 3.36
2.14 -1.24
-0.18 0.72
1.20 0.36
7.97 3.73
-1.69 0.87
10.08 3.95
10.23 -1.08
5.03 0.98
5.66 2.75
3.97 -0.08
4.83 1.64
12.51 3.38
4.62 -1.37
5.63 0.59
5.62 3.99
5.66 2.96
8.30 2.94
8.09 1.08
3.65 -0.23
8.56 -0.02
0.79 -0.47
8.41 -0.32
7.80 1.22
6.23 1.82
8.36 3.15
6.44 -0.54
7.25 0.68
4.67 0.51
-0.14 0.46
2.63 2.05
5.41 0.43
-1.27 1.24
6.70 4.40
5.82 1.12
4.31 3.61
3.33 0.87
5.91 1.55
-1.18 2.97
-5.25 -1.62
1.66 1.43
5.87 2.61
4.97 1.48
6.01 2.02
1.26 1.07
7.37 1.25
3.65 0.38
5.10 0.03
4.64 -1.21
8.79 0.49
0.69 2.30
6.33 2.24
-1.63 0.77
-0.14 0.09
3.12 1.61
10.15 1.92
7.77 2.75
10.57 1.82
11.51 -0.73
-0.06 0.33
9.76 1.19
-0.30 1.68
3.80 0.52
6.75 0.18
1.60 0.36
6.24 1.36
4.01 2.52
-0.99 -0.03
5.48 3.53
0.01 -0.94
1.85 -0.74
4.52 1.32
-0.70 2.21
0.43 2.64
-0.31 0.01
0.13 -0.65
-0.47 0.18
6.06 1.58
8.45 0.90
0.71 -0.62
2.41 0.79
6.17 1.46
6.65 -0.38
5.14 0.98
8.63 1.01
2.97 1.63
0.39 1.77
9.40 2.88
6.56 0.55
3.02 0.53
-4.27 0.86
5.13 1.40
2.25 -1.48
9.53 2.32
9.80 2.71
7.14 2.44
5.03 -1.16
6.37 3.23
4.69 1.86
3.32 0.03
4.78 -2.16
5.12 1.65
-1.94 0.77
9.36 0.86
-0.35 -0.02
5.93 -0.78
5.90 0.73
2.91 1.55
5.57 -2.40
1.58 2.15
-0.57 -0.70
7.84 -1.89
3.14 1.72
6.46 1.20
-4.55 0.23
1.77 0.87
3.02 0.54
10.03 2.97
4.01 -1.47
5.07 -0.80
7.77 2.16
0.56 1.45
6.42 1.50
0.74 2.99
0.17 -0.80
3.82 3.85
7.33 0.71
8.62 2.33
1.88 0.26
3.15 -0.27
3.75 3.19
6.06 1.37
0.19 1.13
-2.69 -0.37
5.12 1.45
5.60 1.30
-2.30 -0.60
11.20 3.25
2.94 3.90
2.43 1.87
0.83 0.95
4.43 1.02
4.65 0.79
7.07 0.52
9.68 -1.70
6.68 0.21
-1.07 1.94
13.24 1.31
0.75 0.82
5.79 1.21
1.10 -1.93
5.02 1.95
4.78 1.32
6.18 1.40
6.01 -0.89
5.35 0.51
1.86 -0.29
-5.08 -1.40
8.65 2.53
5.52 0.39
5.43 0.72
0.74 0.85
6.73 1.11
2.33 2.81
-2.93 -1.28
-0.44 0.14
2.00 0.41
-0.05 1.90
10.26 1.83
5.25 0.85
2.36 3.70
8.30 -1.02
6.77 1.68
3.07 0.26
-0.18 -0.78
2.88 0.54
4.32 1.99
-1.05 1.36
1.09 -0.77
6.55 0.55
-0.58 0.32
2.77 0.02
12.67 2.29
5.28 3.47
3.52 -1.42
3.80 0.40
3.58 -0.87
-0.54 1.30
3.15 2.27
10.93 -1.36
6.56 0.88
3.80 -1.36
11.03 -0.24
1.40 -0.55
2.02 1.90
3.47 0.92
8.39 2.14
5.69 2.82
5.19 1.34
8.55 1.14
-3.10 0.10
-3.10 -0.00
6.48 0.65
5.02 0.91
10.45 1.15
5.57 0.61
6.28 3.00
0.74 1.61
3.70 -0.09
6.33 1.14
-2.39 3.38
3.02 -0.74
-1.67 2.10
2.04 1.20
1.05 0.79
4.31 1.46
7.18 -0.66
5.26 -0.35
1.79 2.23
7.60 -1.18
3.11 2.19
7.72 -0.90
7.84 0.29
6.86 0.07
-1.48 0.89
4.17 1.08
0.68 0.95
6.61 2.31
4.59 2.49
5.61 -1.29
3.60 -0.07
11.69 4.58
4.66 1.88
4.86 1.40
10.88 2.15
3.25 0.14
7.75 -0.11
7.07 1.10
1.95 -1.02
6.52 1.00
-1.19 -0.02
6.12 1.64
3.75 2.22
1.52 1.33
9.50 2.96
6.46 2.87
10.26 -0.70
3.30 0.67
8.90 2.06
-1.48 1.44
0.39 2.60
5.61 1.89
2.83 -0.87
4.55 2.12
5.22 1.90
6.15 -0.57
5.13 0.07
-1.04 0.57
2.56 0.58
3.79 3.05
3.51 -0.61
8.28 1.63
13.09 3.31
8.53 0.15
5.37 0.42
4.00 0.73
4.54 1.56
7.70 -0.44
9.34 1.50
0.07 -0.28
11.59 1.17
14.78 1.46
2.22 0.63
6.17 -0.89
0.21 -0.09
5.50 2.94
-0.74 0.71
8.07 0.71
10.52 3.44
5.43 2.57
3.73 1.68
-0.49 1.44
4.21 4.03
1.28 3.37
3.87 0.97
0.80 0.93
4.06 1.01
5.42 0.73
-0.13 1.31
4.00 -0.50
-0.96 2.88
-0.36 2.86
6.58 2.92
10.65 0.31
0.17 2.56
1.84 0.10
0.60 0.42
9.72 1.37
-0.12 0.59
0.91 -0.74
5.18 0.47
9.93 -0.24
2.05 1.76
2.50 1.87
6.92 1.67
4.12 0.99
4.98 -1.41
2.45 -0.11
4.49 0.60
5.42 0.09
5.38 1.23
2.99 1.14
16.66 2.81
2.84 4.79
1.70 0.24
2.99 0.17
-0.04 0.95
2.47 -0.38
5.18 0.31
5.02 1.74
6.12 2.40
7.40 1.69
2.98 0.72
5.10 1.87
2.69 -0.02
1.27 -0.55
2.16 -0.46
4.92 -0.13
1.08 2.57
2.96 -0.87
0.23 1.29
3.12 0.31
-2.08 0.08
6.66 1.87
-1.84 0.07
5.43 0.63
2.65 0.77
3.81 1.50
-1.33 -0.29
3.58 2.80
3.92 2.74
-0.35 0.40
3.93 0.50
9.12 0.91
4.87 0.92
4.05 1.01
7.35 -0.39
2.12 0.90
4.21 1.71
5.61 -0.66
3.34 4.66
5.75 0.50
5.16 1.16
5.32 2.48
0.40 0.20
6.87 2.56
7.97 1.14
1.33 1.36
2.06 0.47
1.03 1.96
-0.68 -2.11
7.30 0.87
2.55 2.07
5.89 -0.19
8.31 3.71
7.66 0.77
4.03 0.35
3.13 -2.25
6.74 3.05
4.87 1.30
4.59 2.73
8.11 1.11
6.41 -0.05
5.98 -0.24
5.25 0.25
9.17 0.27
5.11 0.04
-2.53 0.77
11.71 1.45
1.74 1.56
3.95 0.30
11.21 1.28
7.84 1.01
9.88 1.37
5.15 0.85
9.66 -0.39
4.86 0.36
3.45 0.69
8.27 2.84
5.01 0.50
0.47 1.64
11.13 3.21
6.59 2.94
9.34 0.29
3.75 1.17
-1.97 0.12
6.55 1.47
3.34 1.99
5.71 2.28
3.01 1.79
6.28 3.12
-2.01 -0.41
-0.33 -1.26
10.03 2.28
2.26 -0.27
6.08 0.13
2.07 1.82
5.39 3.05
12.18 1.87
4.26 1.17
9.22 1.83
8.13 3.93
2.90 -0.60
9.43 2.14
6.45 0.03
5.64 2.33
-0.91 0.31
1.86 0.50
4.51 -1.19
8.72 2.74
2.43 -0.56
3.52 -0.05
5.71 -0.53
6.01 1.33
-0.86 2.50
0.75 0.13
5.22 3.11
-2.28 1.98
-3.93 0.45
1.64 0.55
2.57 -1.42
4.59 -1.29
0.71 1.74
1.04 0.93
1.26 1.42
-0.86 0.88
-0.24 -1.21
4.14 1.28
1.00 1.08
9.27 1.95
4.54 1.59
5.71 2.44
4.76 1.76
2.64 4.01
0.88 1.77
2.71 -1.48
10.47 0.71
8.08 1.74
13.03 3.98
5.42 2.75
-4.25 2.04
10.58 1.32
4.43 1.89
1.72 1.09
3.58 0.35
12.28 0.60
7.38 0.68
7.09 0.09
4.80 1.65
4.97 0.03
-1.26 1.94
-2.84 0.78
4.39 0.02
0.21 0.73
-1.06 0.26
7.74 1.28
3.03 -2.84
10.67 0.75
7.23 3.12
-0.64 1.15
5.55 1.71
0.00 0.50
0.86 -0.97
5.03 0.97
2.39 1.43
4.46 1.17
6.89 2.19
2.40 0.01
-2.04 -0.65
3.78 0.36
3.06 1.43
-1.41 0.26
4.09 0.26
-3.01 -1.01
4.99 -2.62
-2.14 1.57
9.08 1.52
3.60 0.17
5.92 -1.03
1.76 -0.65
8.42 1.75
4.41 1.70
6.85 -1.10
8.12 2.21
0.51 1.86
4.26 0.98
8.41 0.27
3.70 -2.61
6.14 0.61
2.80 -0.92
3.48 1.69
2.43 -0.52
-0.70 1.62
4.08 0.64
4.21 -0.76
8.60 3.33
7.38 1.16
0.25 1.87
3.67 0.81
0.72 2.99
5.79 1.68
9.06 1.98
8.76 3.40
6.74 0.98
5.87 -0.21
4.28 -0.22
5.73 3.37
-0.50 1.25
8.14 1.46
7.92 -0.68
2.73 1.46
2.59 1.79
6.42 0.74
8.88 1.55
-2.35 2.62
8.38 -0.16
8.24 0.68
1.15 1.39
10.15 2.65
5.72 3.14
2.42 -0.07
1.17 -0.57
0.14 1.06
4.12 -0.76
-2.18 1.10
-0.20 -0.82
4.08 0.02
4.70 2.51
7.15 -0.19
5.85 -0.75
4.67 2.71
4.69 1.89
2.48 -0.53
1.89 3.56
10.78 0.90
7.59 2.18
1.98 2.09
1.36 0.78
5.94 1.03
6.13 0.58
1.48 2.17
3.83 0.55
1.82 -0.04
6.47 1.32
-1.51 -0.71
6.91 4.34
-2.05 2.42
5.61 4.04
4.88 1.74
4.32 3.06
3.55 0.12
11.62 -0.02
-0.65 -0.34
6.09 0.79
0.72 -0.76
14.51 1.20
4.62 1.26
9.68 1.95
-2.79 1.62
0.19 0.96
6.73 1.60
2.04 0.16
8.01 0.18
3.75 1.69
2.27 2.47
2.17 1.75
2.41 0.80
1.31 3.15
5.33 0.92
2.82 -1.36
9.27 0.55
7.50 0.20
5.70 1.67
8.85 1.09
7.59 2.16
6.14 1.37
1.63 0.51
7.23 2.61
1.10 1.28
2.18 0.25
5.51 2.26
-3.03 -0.80
6.08 1.08
4.03 3.49
9.07 0.66
1.32 0.57
6.47 2.80
3.50 1.90
4.70 1.42
2.80 2.16
5.65 1.29
5.37 2.10
3.27 0.06
4.90 -1.97
-5.13 -0.64
7.38 4.20
4.84 1.12
3.74 -1.46
2.00 -1.36
8.87 2.89
3.58 2.09
-0.88 1.38
-0.67 -1.53
4.57 -2.53
0.72 -0.96
7.21 1.25
10.93 0.09
1.41 2.41
4.12 -0.83
0.69 1.72
7.90 2.20
1.25 1.16
2.57 2.00
5.49 1.06
3.79 1.77
0.81 1.47
7.16 0.53
6.75 1.39
2.28 0.28
3.60 -0.97
6.61 2.15
-1.69 1.55
1.98 1.08
9.66 2.93
5.43 0.35
-1.50 1.40
2.08 0.87
3.37 1.37
3.13 0.68
5.87 -0.06
8.06 -0.55
3.05 2.09
2.79 3.90
8.47 2.06
2.33 0.60
3.94 0.68
7.87 3.02
2.53 3.02
1.18 1.23
7.56 2.75
1.80 0.99
4.06 2.42
5.06 1.05
2.94 1.98
4.46 0.93
3.98 2.17
8.14 -1.34
5.71 2.51
7.82 0.45
1.92 1.28
7.24 0.51
11.03 0.86
0.77 3.44
3.18 1.30
7.47 1.63
0.71 -0.81
5.46 -2.31
1.02 1.35
6.32 0.14
3.26 2.45
8.48 2.86
3.13 -1.42
2.29 2.07
3.29 4.57
1.14 -0.33
0.22 0.23
2.90 0.79
-2.05 2.27
10.24 4.21
5.34 0.54
5.82 0.69
-6.16 -1.94
-1.86 0.79
5.55 -0.45
4.99 3.41
1.33 2.31
2.23 1.33
4.20 -0.84
2.11 -0.29
7.14 0.28
10.88 0.48
1.12 3.75
-0.47 -1.39
4.22 1.80
9.81 2.81
0.83 1.30
2.19 -0.69
1.98 1.50
7.05 1.48
3.41 1.58
4.01 1.38
2.11 0.36
1.96 2.21
0.87 2.64
5.48 -1.43
-0.58 1.29
1.90 0.29
3.32 2.09
8.45 3.55
-1.51 1.69
5.25 2.08
-0.82 -2.26
0.31 1.34
3.30 3.90
-1.57 -1.05
7.80 3.67
3.38 0.06
3.46 3.00
1.86 0.67
2.61 1.79
0.11 0.80
0.18 -1.18
0.45 -0.02
0.82 -0.42
3.31 0.18
-1.67 -1.36
9.60 -1.06
8.23 1.70
3.11 1.10
-0.37 4.05
-4.93 -0.12
-2.43 1.31
8.49 -0.12
6.50 1.35
12.94 3.35
-0.15 -2.14
4.56 -0.49
2.47 3.78
7.23 1.54
2.85 0.24
5.63 2.55
6.55 2.91
6.26 1.54
7.27 1.13
0.25 0.40
12.42 2.69
0.17 1.82
8.15 3.06
1.91 1.89
-1.02 1.76
6.54 0.89
6.37 -0.74
6.53 2.11
5.15 1.23
9.26 1.57
-0.98 0.73
0.43 1.45
6.73 1.05
2.99 2.60
2.62 1.50
3.28 1.78
5.94 2.26
1.94 -0.66
5.62 2.01
10.78 -2.28
3.18 0.79
3.78 -0.73
0.49 -0.49
2.61 -0.23
7.68 3.89
12.04 1.13
2.32 -0.79
1.72 2.32
0.21 1.00
-2.00 -0.77
5.64 -0.72
2.10 1.54
10.24 1.17
8.60 3.50
8.37 2.37
6.43 0.00
10.47 1.76
6.57 0.04
7.49 0.30
6.07 -0.79
-0.88 0.87
